{
 "cells": [
  {
   "cell_type": "code",
   "execution_count": 2,
   "metadata": {},
   "outputs": [],
   "source": [
    "import sys\n",
    "sys.path.append('/home/zhw272/programming/pipeline_utility')\n",
    "from notebooks.Will.toolbox.rough_alignment.rough_alignment_affine import get_rough_alignment_affine_transform\n",
    "import SimpleITK as sitk"
   ]
  },
  {
   "cell_type": "code",
   "execution_count": 3,
   "metadata": {},
   "outputs": [
    {
     "name": "stdout",
     "output_type": "stream",
     "text": [
      "aligning brain DK52 to brain DK39\n",
      "loading image\n",
      "aligning image center\n",
      "finding affine tranformation\n",
      "starting optimization\n",
      "iteration: 10 -0.279569\n",
      "iteration: 20 -0.301494\n",
      "iteration: 30 -0.317448\n",
      "iteration: 40 -0.333938\n",
      "iteration: 50 -0.346920\n",
      "iteration: 60 -0.362512\n",
      "iteration: 70 -0.373968\n",
      "iteration: 80 -0.385338\n",
      "iteration: 90 -0.391480\n",
      "iteration: 100 -0.399016\n",
      "switching to higher resolution\n",
      "iteration: 10 -0.394337\n",
      "iteration: 20 -0.399093\n",
      "iteration: 30 -0.401802\n",
      "iteration: 40 -0.405217\n",
      "iteration: 50 -0.408662\n",
      "iteration: 60 -0.411613\n",
      "iteration: 70 -0.414231\n",
      "iteration: 80 -0.418767\n",
      "iteration: 90 -0.420112\n",
      "iteration: 100 -0.421542\n",
      "switching to higher resolution\n",
      "itk::simple::AffineTransform\n",
      " AffineTransform (0x2a83a40)\n",
      "   RTTI typeinfo:   itk::AffineTransform<double, 3u>\n",
      "   Reference Count: 2\n",
      "   Modified Time: 19794470\n",
      "   Debug: Off\n",
      "   Object Name: \n",
      "   Observers: \n",
      "     none\n",
      "   Matrix: \n",
      "     0.935282 0.165605 0.101765 \n",
      "     -0.193829 1.01103 0.0493076 \n",
      "     -0.115888 -0.0612461 0.966368 \n",
      "   Offset: [-112.227, 1953.72, 1566.25]\n",
      "   Center: [9058.4, 5454.8, 4680]\n",
      "   Translation: [681.133, 488.874, 25.0035]\n",
      "   Inverse: \n",
      "     1.02107 -0.173227 -0.0986862 \n",
      "     0.189197 0.953943 -0.0685972 \n",
      "     0.134439 0.0396849 1.01862 \n",
      "   Singular: 0\n",
      "\n",
      "aligning brain DK52 to brain DK41\n",
      "loading image\n",
      "aligning image center\n",
      "finding affine tranformation\n",
      "starting optimization\n",
      "iteration: 10 -0.357032\n",
      "iteration: 20 -0.382498\n",
      "iteration: 30 -0.390412\n",
      "iteration: 40 -0.395557\n",
      "iteration: 50 -0.400244\n",
      "iteration: 60 -0.405341\n",
      "iteration: 70 -0.407382\n",
      "iteration: 80 -0.413667\n",
      "iteration: 90 -0.417717\n",
      "iteration: 100 -0.423142\n",
      "switching to higher resolution\n",
      "iteration: 10 -0.421167\n",
      "iteration: 20 -0.425169\n",
      "iteration: 30 -0.429042\n",
      "iteration: 40 -0.433882\n",
      "iteration: 50 -0.436269\n",
      "iteration: 60 -0.440135\n",
      "iteration: 70 -0.442734\n",
      "iteration: 80 -0.445623\n",
      "iteration: 90 -0.446747\n",
      "iteration: 100 -0.448506\n",
      "switching to higher resolution\n",
      "iteration: 10 -0.452044\n",
      "itk::simple::AffineTransform\n",
      " AffineTransform (0x2af2310)\n",
      "   RTTI typeinfo:   itk::AffineTransform<double, 3u>\n",
      "   Reference Count: 2\n",
      "   Modified Time: 39185590\n",
      "   Debug: Off\n",
      "   Object Name: \n",
      "   Observers: \n",
      "     none\n",
      "   Matrix: \n",
      "     0.973945 0.139551 -0.0893363 \n",
      "     -0.13583 0.943396 0.0120535 \n",
      "     0.0542486 0.00828462 1.00026 \n",
      "   Offset: [593.013, 1752.86, -445.878]\n",
      "   Center: [9354.8, 5194.8, 4660]\n",
      "   Translation: [657.908, 244.318, 105.849]\n",
      "   Inverse: \n",
      "     1.00091 -0.14886 0.0911885 \n",
      "     0.14482 1.03857 0.000419102 \n",
      "     -0.0554835 -0.000528623 0.994792 \n",
      "   Singular: 0\n",
      "\n",
      "aligning brain DK52 to brain DK43\n",
      "loading image\n",
      "aligning image center\n",
      "finding affine tranformation\n",
      "starting optimization\n",
      "iteration: 10 -0.272812\n",
      "iteration: 20 -0.302507\n",
      "iteration: 30 -0.324250\n",
      "iteration: 40 -0.349180\n",
      "iteration: 50 -0.367697\n",
      "iteration: 60 -0.390022\n",
      "iteration: 70 -0.399421\n",
      "iteration: 80 -0.404883\n",
      "iteration: 90 -0.409293\n",
      "switching to higher resolution\n",
      "iteration: 10 -0.409270\n",
      "iteration: 20 -0.414114\n",
      "iteration: 30 -0.417656\n",
      "iteration: 40 -0.422855\n",
      "iteration: 50 -0.426177\n",
      "iteration: 60 -0.429379\n",
      "iteration: 70 -0.429351\n",
      "iteration: 80 -0.432943\n",
      "iteration: 90 -0.436128\n",
      "switching to higher resolution\n",
      "iteration: 10 -0.436311\n",
      "iteration: 20 -0.437552\n",
      "iteration: 30 -0.438599\n",
      "iteration: 40 -0.439162\n",
      "itk::simple::AffineTransform\n",
      " AffineTransform (0x2b103f0)\n",
      "   RTTI typeinfo:   itk::AffineTransform<double, 3u>\n",
      "   Reference Count: 2\n",
      "   Modified Time: 54480352\n",
      "   Debug: Off\n",
      "   Object Name: \n",
      "   Observers: \n",
      "     none\n",
      "   Matrix: \n",
      "     0.972859 0.209178 -0.0326144 \n",
      "     -0.247538 1.01281 -0.10621 \n",
      "     -0.0155836 0.117714 1.02 \n",
      "   Offset: [433.634, 3232.8, -301.714]\n",
      "   Center: [8767.2, 5194.8, 3910]\n",
      "   Translation: [1154.8, 713.862, 251.38]\n",
      "   Inverse: \n",
      "     0.976448 -0.202842 0.0101004 \n",
      "     0.237342 0.926238 0.104036 \n",
      "     -0.0124726 -0.109992 0.968537 \n",
      "   Singular: 0\n",
      "\n",
      "aligning brain DK52 to brain DK54\n",
      "loading image\n",
      "aligning image center\n",
      "finding affine tranformation\n",
      "starting optimization\n",
      "iteration: 10 -0.282391\n",
      "iteration: 20 -0.321369\n",
      "iteration: 30 -0.337753\n",
      "iteration: 40 -0.351785\n",
      "iteration: 50 -0.358415\n",
      "iteration: 60 -0.366729\n",
      "iteration: 70 -0.368486\n",
      "iteration: 80 -0.371720\n",
      "iteration: 90 -0.377185\n",
      "iteration: 100 -0.378148\n",
      "switching to higher resolution\n",
      "iteration: 10 -0.382652\n",
      "iteration: 20 -0.388298\n",
      "iteration: 30 -0.393763\n",
      "iteration: 40 -0.399082\n",
      "iteration: 50 -0.403466\n",
      "iteration: 60 -0.408239\n",
      "iteration: 70 -0.411554\n",
      "iteration: 80 -0.415245\n",
      "iteration: 90 -0.416713\n",
      "iteration: 100 -0.418430\n",
      "switching to higher resolution\n",
      "itk::simple::AffineTransform\n",
      " AffineTransform (0x1dd3a00)\n",
      "   RTTI typeinfo:   itk::AffineTransform<double, 3u>\n",
      "   Reference Count: 2\n",
      "   Modified Time: 74176392\n",
      "   Debug: Off\n",
      "   Object Name: \n",
      "   Observers: \n",
      "     none\n",
      "   Matrix: \n",
      "     0.998893 0.132232 -0.0916518 \n",
      "     -0.103733 0.907968 -0.122713 \n",
      "     0.0643827 0.138528 0.955204 \n",
      "   Offset: [744.668, 2586.83, -1102.22]\n",
      "   Center: [9744.8, 6167.2, 3830]\n",
      "   Translation: [1198.36, 538.406, 207.935]\n",
      "   Inverse: \n",
      "     0.980318 -0.1541 0.0742647 \n",
      "     0.101087 1.0643 0.146427 \n",
      "     -0.0807355 -0.143962 1.02066 \n",
      "   Singular: 0\n",
      "\n",
      "aligning brain DK52 to brain DK55\n",
      "loading image\n",
      "aligning image center\n",
      "finding affine tranformation\n",
      "starting optimization\n",
      "iteration: 10 -0.365521\n",
      "iteration: 20 -0.375705\n",
      "iteration: 30 -0.383130\n",
      "iteration: 40 -0.388142\n",
      "iteration: 50 -0.390713\n",
      "iteration: 60 -0.392513\n",
      "iteration: 70 -0.394587\n",
      "iteration: 80 -0.398814\n",
      "iteration: 90 -0.402619\n",
      "iteration: 100 -0.406754\n",
      "switching to higher resolution\n",
      "iteration: 10 -0.411965\n",
      "iteration: 20 -0.417024\n",
      "iteration: 30 -0.420872\n",
      "iteration: 40 -0.424109\n",
      "iteration: 50 -0.426923\n",
      "iteration: 60 -0.427747\n",
      "iteration: 70 -0.428113\n",
      "iteration: 80 -0.428814\n",
      "iteration: 90 -0.429975\n",
      "iteration: 100 -0.431359\n",
      "switching to higher resolution\n",
      "iteration: 10 -0.430489\n",
      "iteration: 20 -0.430823\n",
      "iteration: 30 -0.431985\n",
      "iteration: 40 -0.431955\n",
      "iteration: 50 -0.432680\n",
      "iteration: 60 -0.432688\n",
      "iteration: 70 -0.432884\n",
      "iteration: 80 -0.432956\n",
      "itk::simple::AffineTransform\n",
      " AffineTransform (0x2ac9210)\n",
      "   RTTI typeinfo:   itk::AffineTransform<double, 3u>\n",
      "   Reference Count: 2\n",
      "   Modified Time: 96435542\n",
      "   Debug: Off\n",
      "   Object Name: \n",
      "   Observers: \n",
      "     none\n",
      "   Matrix: \n",
      "     0.919324 0.131311 -0.0181173 \n",
      "     -0.140288 0.889142 -0.0141436 \n",
      "     -0.0373505 0.000256352 0.954207 \n",
      "   Offset: [632.355, 2463.34, 625.33]\n",
      "   Center: [9744.8, 5517.2, 4840]\n",
      "   Translation: [482.962, 416.182, 41.1321]\n",
      "   Inverse: \n",
      "     1.06449 -0.157212 0.017881 \n",
      "     0.168616 1.09977 0.0195028 \n",
      "     0.0416221 -0.00644921 1.04869 \n",
      "   Singular: 0\n",
      "\n"
     ]
    }
   ],
   "source": [
    "list_of_brains_to_align = ['DK39', 'DK41', 'DK43', 'DK54', 'DK55']\n",
    "save_path = '/net/birdstore/Active_Atlas_Data/data_root/tfm'\n",
    "for braini in list_of_brains_to_align:\n",
    "    transformi = get_rough_alignment_affine_transform(fixed_brain = braini)\n",
    "    sitk.WriteTransform(transformi, save_path+'/affine/'+braini+'_affine.tfm')"
   ]
  },
  {
   "cell_type": "code",
   "execution_count": null,
   "metadata": {},
   "outputs": [],
   "source": []
  }
 ],
 "metadata": {
  "interpreter": {
   "hash": "2bd29f7b10431261d8beeb897d602198a8ccc2be7cc6f93af9f327223ffe0508"
  },
  "kernelspec": {
   "display_name": "Python 3.6.9 64-bit ('pipeline': venv)",
   "name": "python3"
  },
  "language_info": {
   "codemirror_mode": {
    "name": "ipython",
    "version": 3
   },
   "file_extension": ".py",
   "mimetype": "text/x-python",
   "name": "python",
   "nbconvert_exporter": "python",
   "pygments_lexer": "ipython3",
   "version": "3.6.9"
  }
 },
 "nbformat": 4,
 "nbformat_minor": 5
}