{
 "cells": [
  {
   "cell_type": "code",
   "execution_count": 1,
   "metadata": {},
   "outputs": [],
   "source": [
    "import sys\n",
    "sys.path.append('/home/zhw272/programming/pipeline_utility')\n",
    "from notebooks.Will.toolbox.rough_alignment.rough_alignment_affine import get_rough_alignment_affine_transform\n",
    "import SimpleITK as sitk"
   ]
  },
  {
   "cell_type": "code",
   "execution_count": 2,
   "metadata": {},
   "outputs": [
    {
     "name": "stdout",
     "output_type": "stream",
     "text": [
      "aligning brain DK52 to brain DK39\n",
      "loading image\n",
      "aligning image center\n",
      "finding affine tranformation\n",
      "starting optimization\n",
      "iteration: 10 -0.277946\n",
      "iteration: 20 -0.298479\n",
      "iteration: 30 -0.314351\n",
      "iteration: 40 -0.332791\n",
      "iteration: 50 -0.347234\n",
      "iteration: 60 -0.361429\n",
      "iteration: 70 -0.369165\n",
      "iteration: 80 -0.377474\n",
      "iteration: 90 -0.389403\n",
      "iteration: 100 -0.393646\n",
      "switching to higher resolution\n",
      "iteration: 10 -0.396424\n",
      "iteration: 20 -0.400183\n",
      "iteration: 30 -0.406300\n",
      "iteration: 40 -0.410212\n",
      "iteration: 50 -0.414020\n",
      "iteration: 60 -0.416319\n",
      "iteration: 70 -0.419536\n",
      "iteration: 80 -0.422448\n",
      "iteration: 90 -0.424024\n",
      "iteration: 100 -0.425193\n",
      "switching to higher resolution\n",
      "itk::simple::AffineTransform\n",
      " AffineTransform (0x1749400)\n",
      "   RTTI typeinfo:   itk::AffineTransform<double, 3u>\n",
      "   Reference Count: 2\n",
      "   Modified Time: 19794470\n",
      "   Debug: Off\n",
      "   Object Name: \n",
      "   Observers: \n",
      "     none\n",
      "   Matrix: \n",
      "     0.935236 0.174201 0.10542 \n",
      "     -0.193946 1.011 0.0567235 \n",
      "     -0.117402 -0.0560011 0.9828 \n",
      "   Offset: [-186.24, 2029.41, 1533.32]\n",
      "   Center: [9058.4, 5454.8, 4680]\n",
      "   Translation: [670.705, 598.029, 83.8814]\n",
      "   Inverse: \n",
      "     1.01928 -0.181105 -0.0988803 \n",
      "     0.188102 0.952547 -0.0751542 \n",
      "     0.132477 0.0326431 1.00141 \n",
      "   Singular: 0\n",
      "\n",
      "aligning brain DK52 to brain DK41\n",
      "loading image\n",
      "aligning image center\n",
      "finding affine tranformation\n",
      "starting optimization\n",
      "iteration: 10 -0.361101\n",
      "iteration: 20 -0.382999\n",
      "iteration: 30 -0.389804\n",
      "iteration: 40 -0.396147\n",
      "iteration: 50 -0.403168\n",
      "iteration: 60 -0.409112\n",
      "iteration: 70 -0.413851\n",
      "iteration: 80 -0.418119\n",
      "iteration: 90 -0.421654\n",
      "iteration: 100 -0.425362\n",
      "switching to higher resolution\n",
      "iteration: 10 -0.422138\n",
      "iteration: 20 -0.426639\n",
      "iteration: 30 -0.431575\n",
      "iteration: 40 -0.434719\n",
      "iteration: 50 -0.436907\n",
      "iteration: 60 -0.438518\n",
      "iteration: 70 -0.441578\n",
      "iteration: 80 -0.444930\n",
      "iteration: 90 -0.448599\n",
      "iteration: 100 -0.451367\n",
      "switching to higher resolution\n",
      "itk::simple::AffineTransform\n",
      " AffineTransform (0x2826090)\n",
      "   RTTI typeinfo:   itk::AffineTransform<double, 3u>\n",
      "   Reference Count: 2\n",
      "   Modified Time: 39184512\n",
      "   Debug: Off\n",
      "   Object Name: \n",
      "   Observers: \n",
      "     none\n",
      "   Matrix: \n",
      "     0.972829 0.14068 -0.0916034 \n",
      "     -0.133566 0.938763 0.0175925 \n",
      "     0.0522966 0.00530118 0.992832 \n",
      "   Offset: [615.584, 1762.52, -376.557]\n",
      "   Center: [9354.8, 5194.8, 4660]\n",
      "   Translation: [665.338, 276.893, 106.805]\n",
      "   Inverse: \n",
      "     1.00212 -0.150712 0.0951311 \n",
      "     0.143585 1.04374 -0.00524681 \n",
      "     -0.0535527 0.00236559 1.00224 \n",
      "   Singular: 0\n",
      "\n",
      "aligning brain DK52 to brain DK43\n",
      "loading image\n",
      "aligning image center\n",
      "finding affine tranformation\n",
      "starting optimization\n",
      "iteration: 10 -0.266840\n",
      "iteration: 20 -0.288450\n",
      "iteration: 30 -0.311633\n",
      "iteration: 40 -0.327093\n",
      "iteration: 50 -0.342009\n",
      "iteration: 60 -0.357247\n",
      "iteration: 70 -0.372015\n",
      "iteration: 80 -0.384826\n",
      "iteration: 90 -0.393073\n",
      "iteration: 100 -0.399786\n",
      "switching to higher resolution\n",
      "iteration: 10 -0.403512\n",
      "iteration: 20 -0.407762\n",
      "iteration: 30 -0.412084\n",
      "iteration: 40 -0.417428\n",
      "iteration: 50 -0.420826\n",
      "iteration: 60 -0.424579\n",
      "iteration: 70 -0.427118\n",
      "iteration: 80 -0.429635\n",
      "iteration: 90 -0.430243\n",
      "iteration: 100 -0.431361\n",
      "switching to higher resolution\n",
      "itk::simple::AffineTransform\n",
      " AffineTransform (0x28129c0)\n",
      "   RTTI typeinfo:   itk::AffineTransform<double, 3u>\n",
      "   Reference Count: 2\n",
      "   Modified Time: 54474354\n",
      "   Debug: Off\n",
      "   Object Name: \n",
      "   Observers: \n",
      "     none\n",
      "   Matrix: \n",
      "     0.97102 0.173059 -0.0269987 \n",
      "     -0.243265 1.00806 -0.0799155 \n",
      "     -0.00528911 0.0608896 1.03601 \n",
      "   Offset: [610.293, 2964.79, -118.963]\n",
      "   Center: [8767.2, 5194.8, 3910]\n",
      "   Translation: [1149.66, 561.407, 291.771]\n",
      "   Inverse: \n",
      "     0.987262 -0.17025 0.0125957 \n",
      "     0.23754 0.946445 0.0791971 \n",
      "     -0.00892076 -0.0564948 0.960652 \n",
      "   Singular: 0\n",
      "\n",
      "aligning brain DK52 to brain DK54\n",
      "loading image\n",
      "aligning image center\n",
      "finding affine tranformation\n",
      "starting optimization\n",
      "iteration: 10 -0.292377\n",
      "iteration: 20 -0.335006\n",
      "iteration: 30 -0.353430\n",
      "iteration: 40 -0.362505\n",
      "iteration: 50 -0.369991\n",
      "iteration: 60 -0.374288\n",
      "iteration: 70 -0.378232\n",
      "iteration: 80 -0.380649\n",
      "iteration: 90 -0.383838\n",
      "iteration: 100 -0.387375\n",
      "switching to higher resolution\n",
      "iteration: 10 -0.387168\n",
      "iteration: 20 -0.393277\n",
      "iteration: 30 -0.399027\n",
      "iteration: 40 -0.403172\n",
      "iteration: 50 -0.407177\n",
      "iteration: 60 -0.411163\n",
      "iteration: 70 -0.414643\n",
      "iteration: 80 -0.418248\n",
      "iteration: 90 -0.419202\n",
      "iteration: 100 -0.420628\n",
      "switching to higher resolution\n",
      "iteration: 10 -0.421115\n",
      "iteration: 20 -0.421721\n",
      "iteration: 30 -0.422302\n",
      "iteration: 40 -0.422844\n",
      "iteration: 50 -0.423013\n",
      "iteration: 60 -0.423245\n",
      "iteration: 70 -0.423431\n",
      "itk::simple::AffineTransform\n",
      " AffineTransform (0x281e350)\n",
      "   RTTI typeinfo:   itk::AffineTransform<double, 3u>\n",
      "   Reference Count: 2\n",
      "   Modified Time: 74180250\n",
      "   Debug: Off\n",
      "   Object Name: \n",
      "   Observers: \n",
      "     none\n",
      "   Matrix: \n",
      "     1.00468 0.148573 -0.0944646 \n",
      "     -0.10577 0.936341 -0.152131 \n",
      "     0.0598267 0.165158 0.967047 \n",
      "   Offset: [613.192, 2359.05, -1178.63]\n",
      "   Center: [9744.8, 6167.2, 3830]\n",
      "   Translation: [1213.26, 353.077, 296.728]\n",
      "   Inverse: \n",
      "     0.973696 -0.166653 0.068897 \n",
      "     0.0974972 1.02247 0.170373 \n",
      "     -0.0768892 -0.164313 1.00072 \n",
      "   Singular: 0\n",
      "\n",
      "aligning brain DK52 to brain DK55\n",
      "loading image\n",
      "aligning image center\n",
      "finding affine tranformation\n",
      "starting optimization\n",
      "iteration: 10 -0.369657\n",
      "iteration: 20 -0.380264\n",
      "iteration: 30 -0.388778\n",
      "iteration: 40 -0.394898\n",
      "iteration: 50 -0.401476\n",
      "iteration: 60 -0.404739\n",
      "iteration: 70 -0.407838\n",
      "iteration: 80 -0.409663\n",
      "iteration: 90 -0.413805\n",
      "iteration: 100 -0.416156\n",
      "switching to higher resolution\n",
      "iteration: 10 -0.417270\n",
      "iteration: 20 -0.422816\n",
      "iteration: 30 -0.425633\n",
      "iteration: 40 -0.428325\n",
      "switching to higher resolution\n",
      "iteration: 10 -0.429732\n",
      "iteration: 20 -0.430795\n",
      "iteration: 30 -0.431145\n",
      "iteration: 40 -0.431698\n",
      "itk::simple::AffineTransform\n",
      " AffineTransform (0x3193780)\n",
      "   RTTI typeinfo:   itk::AffineTransform<double, 3u>\n",
      "   Reference Count: 2\n",
      "   Modified Time: 96424458\n",
      "   Debug: Off\n",
      "   Object Name: \n",
      "   Observers: \n",
      "     none\n",
      "   Matrix: \n",
      "     0.920883 0.124682 -0.0156608 \n",
      "     -0.139594 0.887807 -0.0109298 \n",
      "     -0.0381484 -0.00311649 0.952225 \n",
      "   Offset: [643.864, 2462.63, 651.668]\n",
      "   Center: [9744.8, 5517.2, 4840]\n",
      "   Translation: [484.98, 430.424, 31.4925]\n",
      "   Inverse: \n",
      "     1.06393 -0.14936 0.0157835 \n",
      "     0.167817 1.10286 0.0154188 \n",
      "     0.0431727 -0.00237424 1.05086 \n",
      "   Singular: 0\n",
      "\n"
     ]
    }
   ],
   "source": [
    "list_of_brains_to_align = ['DK39', 'DK41', 'DK43', 'DK54', 'DK55']\n",
    "save_path = '/net/birdstore/Active_Atlas_Data/data_root/tfm'\n",
    "for braini in list_of_brains_to_align:\n",
    "    transformi = get_rough_alignment_affine_transform(fixed_brain = braini)\n",
    "    sitk.WriteTransform(transformi, save_path+'/affine/'+braini+'_affine.tfm')"
   ]
  },
  {
   "cell_type": "code",
   "execution_count": null,
   "metadata": {},
   "outputs": [],
   "source": []
  }
 ],
 "metadata": {
  "kernelspec": {
   "display_name": "Python 3",
   "language": "python",
   "name": "python3"
  },
  "language_info": {
   "codemirror_mode": {
    "name": "ipython",
    "version": 3
   },
   "file_extension": ".py",
   "mimetype": "text/x-python",
   "name": "python",
   "nbconvert_exporter": "python",
   "pygments_lexer": "ipython3",
   "version": "3.6.9"
  }
 },
 "nbformat": 4,
 "nbformat_minor": 5
}