{
 "cells": [
  {
   "cell_type": "code",
   "execution_count": 7,
   "id": "3337b328",
   "metadata": {},
   "outputs": [],
   "source": [
    "import sys\n",
    "sys.path.append('/home/zhw272/programming/pipeline_utility')\n",
    "from notebooks.Will.rough_alignment_affine import get_rough_alignment_affine_transform\n",
    "import SimpleITK as sitk"
   ]
  },
  {
   "cell_type": "code",
   "execution_count": 8,
   "id": "999af516",
   "metadata": {},
   "outputs": [
    {
     "name": "stdout",
     "output_type": "stream",
     "text": [
      "aligning brain DK52 to brain DK39\n",
      "loading image\n",
      "aligning image center\n",
      "finding affine tranformation\n",
      "starting optimization\n",
      "iteration: 10 -0.283374\n",
      "iteration: 20 -0.301240\n",
      "iteration: 30 -0.321906\n",
      "iteration: 40 -0.338762\n",
      "iteration: 50 -0.354740\n",
      "iteration: 60 -0.371141\n",
      "iteration: 70 -0.380861\n",
      "iteration: 80 -0.390762\n",
      "iteration: 90 -0.396397\n",
      "iteration: 100 -0.401255\n",
      "switching to higher resolution\n",
      "iteration: 10 -0.402916\n",
      "iteration: 20 -0.408935\n",
      "iteration: 30 -0.413637\n",
      "iteration: 40 -0.420149\n",
      "iteration: 50 -0.422730\n",
      "iteration: 60 -0.424683\n",
      "iteration: 70 -0.425958\n",
      "iteration: 80 -0.426768\n",
      "switching to higher resolution\n",
      "itk::simple::AffineTransform\n",
      " AffineTransform (0x27da410)\n",
      "   RTTI typeinfo:   itk::AffineTransform<double, 3u>\n",
      "   Reference Count: 2\n",
      "   Modified Time: 79183928\n",
      "   Debug: Off\n",
      "   Object Name: \n",
      "   Observers: \n",
      "     none\n",
      "   Matrix: \n",
      "     0.934573 0.181778 0.105903 \n",
      "     -0.196644 1.0087 0.0660883 \n",
      "     -0.113087 -0.0575936 0.97344 \n",
      "   Offset: [-185.365, 1865.12, 1687.65]\n",
      "   Center: [9058.4, 5454.8, 4680]\n",
      "   Translation: [709.156, 440.604, 224.801]\n",
      "   Inverse: \n",
      "     1.01836 -0.189112 -0.0979509 \n",
      "     0.190039 0.952253 -0.0853248 \n",
      "     0.129549 0.0343705 1.01086 \n",
      "   Singular: 0\n",
      "\n",
      "aligning brain DK52 to brain DK41\n",
      "loading image\n",
      "aligning image center\n",
      "finding affine tranformation\n",
      "starting optimization\n",
      "iteration: 10 -0.355846\n",
      "iteration: 20 -0.382573\n",
      "iteration: 30 -0.392825\n",
      "iteration: 40 -0.402709\n",
      "iteration: 50 -0.409412\n",
      "iteration: 60 -0.414170\n",
      "iteration: 70 -0.416666\n",
      "iteration: 80 -0.418966\n",
      "iteration: 90 -0.421936\n",
      "iteration: 100 -0.425360\n",
      "switching to higher resolution\n",
      "iteration: 10 -0.422602\n",
      "iteration: 20 -0.428092\n",
      "iteration: 30 -0.432674\n",
      "iteration: 40 -0.436862\n",
      "iteration: 50 -0.443046\n",
      "iteration: 60 -0.451545\n",
      "iteration: 70 -0.452735\n",
      "iteration: 80 -0.452688\n",
      "switching to higher resolution\n",
      "iteration: 10 -0.453787\n",
      "iteration: 20 -0.454258\n",
      "iteration: 30 -0.454361\n",
      "itk::simple::AffineTransform\n",
      " AffineTransform (0x4565b90)\n",
      "   RTTI typeinfo:   itk::AffineTransform<double, 3u>\n",
      "   Reference Count: 2\n",
      "   Modified Time: 98574736\n",
      "   Debug: Off\n",
      "   Object Name: \n",
      "   Observers: \n",
      "     none\n",
      "   Matrix: \n",
      "     0.976038 0.143369 -0.0870644 \n",
      "     -0.135142 0.942786 0.0156637 \n",
      "     0.0530146 0.00859605 1.00243 \n",
      "   Offset: [556.151, 1729.79, -370.49]\n",
      "   Center: [9354.8, 5194.8, 4660]\n",
      "   Translation: [671.039, 241.343, 181.444]\n",
      "   Inverse: \n",
      "     0.998572 -0.152664 0.0891146 \n",
      "     0.144036 1.03882 -0.00372222 \n",
      "     -0.0540456 -0.000834241 0.992892 \n",
      "   Singular: 0\n",
      "\n",
      "aligning brain DK52 to brain DK43\n",
      "loading image\n",
      "aligning image center\n",
      "finding affine tranformation\n",
      "starting optimization\n",
      "iteration: 10 -0.267761\n",
      "iteration: 20 -0.279947\n",
      "iteration: 30 -0.296589\n",
      "iteration: 40 -0.306054\n",
      "iteration: 50 -0.315119\n",
      "iteration: 60 -0.329083\n",
      "iteration: 70 -0.337651\n",
      "iteration: 80 -0.350199\n",
      "iteration: 90 -0.365798\n",
      "iteration: 100 -0.377030\n",
      "switching to higher resolution\n",
      "iteration: 10 -0.392012\n",
      "iteration: 20 -0.398071\n",
      "iteration: 30 -0.402579\n",
      "iteration: 40 -0.406460\n",
      "iteration: 50 -0.410030\n",
      "iteration: 60 -0.413391\n",
      "iteration: 70 -0.415809\n",
      "iteration: 80 -0.419803\n",
      "iteration: 90 -0.423966\n",
      "iteration: 100 -0.426000\n",
      "switching to higher resolution\n",
      "itk::simple::AffineTransform\n",
      " AffineTransform (0x4561ef0)\n",
      "   RTTI typeinfo:   itk::AffineTransform<double, 3u>\n",
      "   Reference Count: 2\n",
      "   Modified Time: 113864578\n",
      "   Debug: Off\n",
      "   Object Name: \n",
      "   Observers: \n",
      "     none\n",
      "   Matrix: \n",
      "     0.969453 0.14893 -0.0251331 \n",
      "     -0.237457 1.0116 -0.0651767 \n",
      "     3.74583e-05 0.0449764 1.04138 \n",
      "   Offset: [731.625, 3008.28, -105.832]\n",
      "   Center: [8767.2, 5194.8, 3910]\n",
      "   Translation: [1139.21, 731.854, 289.947]\n",
      "   Inverse: \n",
      "     0.995451 -0.147212 0.0148111 \n",
      "     0.233016 0.951332 0.0651644 \n",
      "     -0.0100996 -0.0410819 0.957447 \n",
      "   Singular: 0\n",
      "\n",
      "aligning brain DK52 to brain DK54\n",
      "loading image\n",
      "aligning image center\n",
      "finding affine tranformation\n",
      "starting optimization\n",
      "iteration: 10 -0.277226\n",
      "iteration: 20 -0.315635\n",
      "iteration: 30 -0.338565\n",
      "iteration: 40 -0.349671\n",
      "iteration: 50 -0.355058\n",
      "iteration: 60 -0.357175\n",
      "iteration: 70 -0.362624\n",
      "iteration: 80 -0.366542\n",
      "iteration: 90 -0.373802\n",
      "iteration: 100 -0.375619\n",
      "switching to higher resolution\n",
      "iteration: 10 -0.380206\n",
      "iteration: 20 -0.387152\n",
      "iteration: 30 -0.392332\n",
      "iteration: 40 -0.399614\n",
      "iteration: 50 -0.404499\n",
      "iteration: 60 -0.409305\n",
      "iteration: 70 -0.412120\n",
      "iteration: 80 -0.414428\n",
      "iteration: 90 -0.417134\n",
      "iteration: 100 -0.419827\n",
      "switching to higher resolution\n",
      "itk::simple::AffineTransform\n",
      " AffineTransform (0x45ab000)\n",
      "   RTTI typeinfo:   itk::AffineTransform<double, 3u>\n",
      "   Reference Count: 2\n",
      "   Modified Time: 133560618\n",
      "   Debug: Off\n",
      "   Object Name: \n",
      "   Observers: \n",
      "     none\n",
      "   Matrix: \n",
      "     1.00148 0.134984 -0.0991954 \n",
      "     -0.104784 0.927981 -0.132529 \n",
      "     0.0660654 0.134036 0.963922 \n",
      "   Offset: [711.266, 2167.45, -1058.86]\n",
      "   Center: [9744.8, 6167.2, 3830]\n",
      "   Translation: [1178.26, 194.614, 273.38]\n",
      "   Inverse: \n",
      "     0.977207 -0.153618 0.0794417 \n",
      "     0.0988151 1.04109 0.153307 \n",
      "     -0.0807164 -0.134237 1.01067 \n",
      "   Singular: 0\n",
      "\n",
      "aligning brain DK52 to brain DK55\n",
      "loading image\n",
      "aligning image center\n",
      "finding affine tranformation\n",
      "starting optimization\n",
      "iteration: 10 -0.371242\n",
      "iteration: 20 -0.383254\n",
      "iteration: 30 -0.388383\n",
      "iteration: 40 -0.393137\n",
      "iteration: 50 -0.399994\n",
      "iteration: 60 -0.402858\n",
      "iteration: 70 -0.406756\n",
      "iteration: 80 -0.410846\n",
      "iteration: 90 -0.415914\n",
      "iteration: 100 -0.417555\n",
      "switching to higher resolution\n",
      "iteration: 10 -0.416524\n",
      "iteration: 20 -0.420587\n",
      "iteration: 30 -0.425003\n",
      "iteration: 40 -0.427511\n",
      "iteration: 50 -0.430201\n",
      "iteration: 60 -0.431418\n",
      "switching to higher resolution\n",
      "iteration: 10 -0.431529\n",
      "iteration: 20 -0.431561\n",
      "itk::simple::AffineTransform\n",
      " AffineTransform (0x2742730)\n",
      "   RTTI typeinfo:   itk::AffineTransform<double, 3u>\n",
      "   Reference Count: 2\n",
      "   Modified Time: 155806058\n",
      "   Debug: Off\n",
      "   Object Name: \n",
      "   Observers: \n",
      "     none\n",
      "   Matrix: \n",
      "     0.918084 0.123511 -0.0130869 \n",
      "     -0.139935 0.88836 -0.0151288 \n",
      "     -0.0406547 0.00173099 0.952412 \n",
      "   Offset: [668.35, 2482.9, 653.019]\n",
      "   Center: [9744.8, 5517.2, 4840]\n",
      "   Translation: [488.186, 430.095, 36.0736]\n",
      "   Inverse: \n",
      "     1.06715 -0.148393 0.0123063 \n",
      "     0.168869 1.10215 0.0198278 \n",
      "     0.0452455 -0.00833745 1.05045 \n",
      "   Singular: 0\n",
      "\n"
     ]
    }
   ],
   "source": [
    "list_of_brains_to_align = ['DK39', 'DK41', 'DK43', 'DK54', 'DK55']\n",
    "save_path = '/net/birdstore/Active_Atlas_Data/data_root/tfm'\n",
    "for braini in list_of_brains_to_align:\n",
    "    transformi = get_rough_alignment_affine_transform(fixed_brain = braini)\n",
    "    sitk.WriteTransform(transformi, save_path+'/affine/'+braini+'_demons.tfm')"
   ]
  },
  {
   "cell_type": "code",
   "execution_count": null,
   "id": "d7d5a796",
   "metadata": {},
   "outputs": [],
   "source": []
  }
 ],
 "metadata": {
  "kernelspec": {
   "display_name": "Python 3",
   "language": "python",
   "name": "python3"
  },
  "language_info": {
   "codemirror_mode": {
    "name": "ipython",
    "version": 3
   },
   "file_extension": ".py",
   "mimetype": "text/x-python",
   "name": "python",
   "nbconvert_exporter": "python",
   "pygments_lexer": "ipython3",
   "version": "3.6.9"
  }
 },
 "nbformat": 4,
 "nbformat_minor": 5
}
